#### opening hours app for Glasgow
## Skip DOWN 231 lines to see the actual code
## I'm just embedding the data in this file here to make deployment easier
openinghours <- structure(list(FACILITY.TYPE = structure(c(8L, 8L, 8L, 8L, 8L, 
                                                           8L, 8L, 8L, 8L, 8L, 8L, 8L, 8L, 8L, 8L, 8L, 8L, 8L, 8L, 8L, 8L, 
                                                           8L, 8L, 8L, 8L, 8L, 8L, 8L, 8L, 8L, 6L, 6L, 6L, 6L, 6L, 6L, 6L, 
                                                           6L, 6L, 6L, 6L, 10L, 10L, 10L, 10L, 10L, 10L, 9L, 9L, 9L, 9L, 
                                                           9L, 9L, 9L, 9L, 9L, 9L, 9L, 7L, 7L, 7L, 7L, 7L, 7L, 7L, 7L, 7L, 
                                                           4L, 4L, 4L, 4L, 4L, 4L, 4L, 4L, 4L, 3L, 3L, 3L, 3L, 3L, 3L, 3L, 
                                                           3L, 3L, 3L, 3L, 3L, 3L, 3L, 3L, 3L, 3L, 3L, 3L, 3L, 3L, 3L, 3L, 
                                                           3L, 3L, 3L, 3L, 3L, 3L, 3L, 3L, 3L, 3L, 5L, 5L, 5L, 1L, 1L, 2L, 
                                                           2L, 2L, 2L, 2L, 2L, 2L, 2L, 2L, 2L, 2L, 2L, 2L, 2L, 2L, 2L, 2L, 
                                                           2L, 2L, 2L, 2L, 2L, 2L, 2L, 2L, 2L, 2L, 2L, 2L, 2L), .Label = c("Arts", 
                                                                                                                           "Community Facilities", "Libraries", "Museums", "Music", "Sport - Bowling Greens", 
                                                                                                                           "Sport - Football Centres", "Sport - Glasgow Club", "Sport - Golf", 
                                                                                                                           "Sport - Tennis"), class = "factor"), FACILITY.NAME = structure(c(7L, 
                                                                                                                                                                                             11L, 18L, 21L, 26L, 29L, 34L, 35L, 37L, 38L, 40L, 44L, 48L, 55L, 
                                                                                                                                                                                             58L, 59L, 62L, 81L, 84L, 88L, 90L, 91L, 97L, 101L, 120L, 126L, 
                                                                                                                                                                                             127L, 133L, 140L, 144L, 1L, 12L, 32L, 64L, 69L, 77L, 83L, 108L, 
                                                                                                                                                                                             124L, 132L, 138L, 33L, 50L, 65L, 71L, 111L, 121L, 2L, 67L, 74L, 
                                                                                                                                                                                             76L, 78L, 118L, 57L, 70L, 109L, 110L, 139L, 8L, 43L, 54L, 60L, 
                                                                                                                                                                                             79L, 98L, 125L, 129L, 135L, 16L, 45L, 46L, 63L, 96L, 107L, 113L, 
                                                                                                                                                                                             119L, 131L, 3L, 4L, 10L, 15L, 17L, 20L, 24L, 28L, 31L, 36L, 39L, 
                                                                                                                                                                                             47L, 49L, 51L, 56L, 61L, 68L, 73L, 82L, 85L, 86L, 92L, 94L, 100L, 
                                                                                                                                                                                             102L, 104L, 105L, 112L, 115L, 123L, 128L, 141L, 143L, 41L, 22L, 
                                                                                                                                                                                             53L, 136L, 137L, 30L, 66L, 89L, 93L, 142L, 19L, 23L, 103L, 52L, 
                                                                                                                                                                                             72L, 130L, 5L, 9L, 13L, 80L, 87L, 106L, 114L, 117L, 6L, 14L, 
                                                                                                                                                                                             116L, 122L, 134L, 42L, 27L, 95L, 99L, 25L, 75L),